9.454726649988587361e-01
2.411659009162185185e+01
3.594488651580014249e+01
1.231659078143040276e+01
2.950659841247566106e+01
4.280807777948788129e+01
4.571803695406197221e+01
1.173066154339307232e+01
4.256189890858172475e+01
1.408764796156209975e+01
4.533503115341687106e+01
4.076409965208099351e+01
4.918198606651214000e-01
4.089745892793305870e+01
2.375365347778569003e+01
3.008287506095375718e+01
9.623389362452371643e+00
2.396609629067489422e+01
3.333245637756274959e+01
1.344433900780839863e+01
2.459299912621659701e+01
3.224365671046903969e+01
4.521239237791655796e+01
4.755621681908905884e-02
3.395164331573241867e+01
3.768879518666745554e+01
4.748813082150555687e+01
1.605242700440612236e+00
2.101278771146314384e+01
3.853001212787272323e+01
1.050415028232566961e+01
4.320243515106834309e+01
1.708504389560997438e+01
2.906713546700656181e+01
3.858671677629767771e+01
4.059771576245019276e+00
4.593625218160870816e+01
4.314705699348342804e+00
3.475394427101712580e+01
3.253912074262915510e+00
1.055132930307575734e+01
1.927658145197128547e+01
2.394084619285618132e+01
6.073361091232176712e+00
1.052356057299563297e+01
1.294845829090253098e+01
1.471483392344138963e+01
2.153837158263936402e+01
2.580633858491482258e+01
3.535479193295103784e+01
